global v_0 S_0 alpha_0 beta_0;

%S_0 = eye(2)*1;
S_0 =    [10.5000,    3.5000;
    3.5000,   10.5000];
v_0 = 10;
alpha_0 = 1.1;
beta_0 = .8;

